(10000, 10, 5024, 5025, 5031, 5042, 5053)
(10001, 16, 5030, 5041, 5052)
(10002, 26, 5016, 5027, 5038, 5049)
(10003, 43, 5052, 5041, 5030, 5019, 5013, 5012, 5011)
(10004, 68, 5030, 5019, 5008, 5002, 5001)
(10005, 83, 5028, 5017, 5006)
(10006, 91, 5029, 5018, 5007, 5001)
(10007, 121, 5031, 5020, 5009, 5003, 5002, 5001)
(10008, 131, 5049, 5038, 5027, 5016, 5005)
(10009, 145, 5043, 5032, 5021, 5015, 5014, 5013, 5012)
(10010, 175, 5051, 5040, 5029, 5018, 5007, 5001)
(10011, 190, 5029, 5040, 5051)
(10012, 198, 5029, 5018, 5007, 5001)
(10013, 223, 5053, 5042, 5031, 5020, 5015)
(10014, 248, 5025, 5026, 5032, 5043, 5054)
(10015, 283, 5000, 5001, 5002, 5008, 5019, 5030, 5041)
(10016, 313, 5030, 5019, 5008, 5002, 5001, 5000)
(10017, 323, 5012, 5017, 5028, 5039, 5050)
(10018, 330, 5027, 5038, 5049)
(10019, 355, 5024, 5025, 5031, 5042, 5053)
(10020, 367, 5040, 5029, 5018, 5007, 5002, 5003)
(10021, 379, 5015, 5020, 5031, 5042, 5053)
(10022, 409, 5003, 5004, 5010, 5021, 5032, 5043)
(10023, 417, 5029, 5018, 5007, 5001)
(10024, 433, 5038, 5027, 5016, 5005, 5000, 5001, 5002, 5003)
(10025, 443, 5053, 5042, 5031, 5025)
(10026, 463, 5039, 5028, 5017, 5011)
(10027, 478, 5032, 5043, 5054)
(10028, 490, 5003, 5009, 5020, 5031, 5042, 5053)
(10029, 497, 5032, 5043, 5054)
(10030, 507, 5039, 5028, 5017, 5006)
(10031, 523, 5050, 5039, 5028, 5017, 5006, 5001, 5002, 5003)
(10032, 553, 5012, 5013, 5019, 5030, 5041, 5052)
(10033, 573, 5051, 5040, 5029, 5018, 5007, 5002, 5003, 5004)
(10034, 588, 5001, 5002, 5003, 5009, 5020, 5031)
(10035, 594, 5005, 5016, 5027)
(10036, 604, 5011, 5017, 5028, 5039, 5050)
(10037, 611, 5027, 5016, 5005)
(10038, 626, 5053, 5042, 5031, 5020, 5009, 5004)
(10039, 651, 5015, 5021, 5032, 5043, 5054)
(10040, 701, 5049, 5038, 5027, 5016, 5005, 5000, 5001, 5002, 5003, 5004)
(10041, 708, 5030, 5041, 5052)
(10042, 723, 5049, 5038, 5027, 5016, 5011, 5012)
(10043, 738, 5040, 5029, 5018)
(10044, 753, 5031, 5020, 5009, 5003, 5002, 5001)
(10045, 770, 5001, 5002, 5003, 5009, 5020, 5031, 5042)
(10046, 800, 5030, 5019, 5008, 5002, 5001, 5000)
(10047, 807, 5030, 5041, 5052)
(10048, 819, 5005, 5016, 5027, 5038, 5049)
(10049, 839, 5003, 5009, 5020, 5031)
(10050, 847, 5024, 5030, 5041, 5052)
(10051, 877, 5013, 5014, 5015, 5021, 5032, 5043)
(10052, 883, 5028, 5039, 5050)
(10053, 913, 5013, 5014, 5015, 5021, 5032, 5043)
(10054, 927, 5012, 5013, 5014, 5020, 5031, 5042, 5053)
(10055, 952, 5001, 5002, 5008, 5019, 5030)
(10056, 972, 5025, 5031, 5042, 5053)
(10057, 986, 5049, 5038, 5027, 5016, 5011, 5012, 5013)
(10058, 1011, 5032, 5021, 5010, 5004, 5003)
(10059, 1036, 5003, 5009, 5020, 5031, 5042)
(10060, 1053, 5023, 5024, 5025, 5026, 5032, 5043, 5054)
(10061, 1068, 5015, 5014, 5019, 5030, 5041, 5052)
(10062, 1074, 5008, 5019, 5030)
(10063, 1099, 5022, 5023, 5029, 5040, 5051)
(10064, 1134, 5031, 5020, 5009, 5003, 5002, 5001, 5000)
(10065, 1151, 5001, 5000, 5005, 5016, 5027, 5038, 5049)
(10066, 1171, 5053, 5042, 5031, 5020, 5014, 5013, 5012, 5011)
(10067, 1177, 5032, 5043, 5054)
(10068, 1217, 5004, 5003, 5002, 5007, 5018, 5029, 5040, 5051)
(10069, 1227, 5012, 5017, 5028, 5039, 5050)
(10070, 1252, 5025, 5026, 5032, 5043, 5054)
(10071, 1272, 5053, 5042, 5031, 5025)
(10072, 1286, 5052, 5041, 5030, 5019, 5008, 5002, 5001)
(10073, 1301, 5031, 5020, 5009, 5003, 5002, 5001)
(10074, 1311, 5051, 5040, 5029, 5023)
(10075, 1331, 5026, 5032, 5043, 5054)
(10076, 1346, 5051, 5040, 5029, 5018, 5007, 5001)
(10077, 1354, 5007, 5018, 5029, 5040)
(10078, 1384, 5001, 5006, 5017, 5028, 5039, 5050)
(10079, 1404, 5024, 5030, 5041, 5052)
(10080, 1421, 5032, 5021, 5010, 5004, 5003, 5002, 5001)
(10081, 1431, 5013, 5019, 5030, 5041)
(10082, 1443, 5040, 5029, 5018, 5007, 5001, 5000)
(10083, 1455, 5054, 5043, 5032, 5021, 5010)
(10084, 1465, 5014, 5015, 5021, 5032, 5043)
(10085, 1477, 5052, 5041, 5030, 5019, 5014, 5015)
(10086, 1492, 5038, 5027, 5016, 5005, 5000, 5001)
(10087, 1502, 5029, 5018, 5007, 5001, 5000)
(10088, 1509, 5032, 5043, 5054)
(10089, 1529, 5030, 5019, 5008, 5002)
(10090, 1539, 5003, 5009, 5020, 5031)
(10091, 1549, 5053, 5042, 5031, 5020, 5009)
(10092, 1574, 5040, 5029, 5018, 5012, 5011)
(10093, 1581, 5027, 5016, 5005)
(10094, 1596, 5030, 5019, 5008)
(10095, 1603, 5032, 5021, 5010)
(10096, 1615, 5052, 5041, 5030, 5024, 5023)
(10097, 1645, 5023, 5024, 5025, 5031, 5042, 5053)
(10098, 1651, 5021, 5032, 5043)
(10099, 1659, 5054, 5043, 5032, 5021)
(10100, 1665, 5028, 5039, 5050)
(10101, 1675, 5011, 5016, 5027, 5038, 5049)
(10102, 1690, 5028, 5017, 5006)
(10103, 1715, 5000, 5001, 5002, 5003, 5004, 5010, 5021, 5032, 5043, 5054)
(10104, 1725, 5018, 5029, 5040, 5051)
(10105, 1735, 5025, 5026, 5032, 5043, 5054)
(10106, 1755, 5039, 5028, 5017, 5011)
(10107, 1772, 5003, 5002, 5007, 5018, 5029, 5040, 5051)
(10108, 1778, 5038, 5027, 5016)
(10109, 1793, 5028, 5039, 5050)
(10110, 1801, 5015, 5021, 5032, 5043)
(10111, 1813, 5050, 5039, 5028, 5017, 5012, 5013)
(10112, 1823, 5026, 5032, 5043, 5054)
(10113, 1863, 5038, 5027, 5016, 5005, 5000, 5001, 5002, 5003)
(10114, 1879, 5011, 5012, 5013, 5014, 5015, 5021, 5032, 5043)
(10115, 1899, 5006, 5017, 5028, 5039)
(10116, 1911, 5041, 5030, 5019, 5008, 5002, 5001)
(10117, 1919, 5023, 5029, 5040, 5051)
(10118, 1929, 5011, 5017, 5028, 5039)
(10119, 1939, 5039, 5028, 5017, 5006, 5000)
(10120, 1954, 5028, 5017, 5006)
(10121, 1984, 5051, 5040, 5029, 5018, 5012, 5011)
(10122, 1994, 5011, 5016, 5027, 5038, 5049)
(10123, 2014, 5053, 5042, 5031, 5020)
(10124, 2024, 5041, 5030, 5019, 5008, 5003)
(10125, 2036, 5014, 5020, 5031, 5042, 5053)
(10126, 2061, 5009, 5020, 5031, 5042, 5053)
(10127, 2067, 5028, 5017, 5006)
